34550676.87692308
-248219930.53703704
92712112.04
-2264917.4025974027
26826911.58139535
199127888.63291138
-143101794.76190478
-205485631.39130434
-15382478.291666666
-201242988.42222223
39284122.22666667
-31568157.860465117
150891869.64
95150068.44444445
-31671312.757575758
-158569292.86153847
-85788134.50684932
-45526104.38888889
-180364149.56666666
91434843.38983051
-217089013.74285713
130299441.52173913
-55660989.1641791
-35757104.753246754
26734877.914893616
-169170426.33333334
117451459.45833333
3929184.4285714286
-121365740.61290322
245625655.45
-113556965.86666666
75188898.20588236
164984786.27118644
-316619571.09375
-186688504.85185185
169772968.25490198
-148463477.3846154
-135945182.85714287
139968754.5
124969738.63636364
192132780.66129032
-131989213.5909091
26321407.333333332
41943980.926470585
-26908142.310344826
-164967864.5774648
140553803.81666666
519948928.95652175
38097558.84848485
-192531944.4074074
327916652.7948718
146514279.9787234
-18396122.57746479
-171856366.90384614
