15356
5603
4576
7105
17462
17083
19784
15143
6962
12016
13287
17735
7452
19852
16632
16427
4696
15004
17339
11110
10629
5946
19603
11826
15128
14690
19014
17403
15793
7088
12319
14677
17183
10699
11053
17833
7027
12076
15584
2939
6467
7302
4930
11894
6068
16057
15051
13506
11165
18296
10784
3273
3038
7480
12158
17323
11975
15135
8874
5692
12626
4697
17774
5008
16565
11201
7350
16467
3878
3238
16460
12420
15658
18896
5688
8721
15843
9669
4841
7505
10521
13537
16189
5418
8700
19497
16628
3716
15275
5007
15072
9609
12867
15193
12778
7734
8779
12822
18781
7194
16908
16361
12897
8997
2908
13072
17329
7720
14107
19470
15163
4988
12494
11412
6011
10394
16975
3603
4478
11143
16221
18733
10616
15963
19653
16910
7861
17433
7902
11256
14610
16033
5272
4345
10521
12533
7689
13404
2979
12066
12041
13314
14322
9075
19410
5593
12467
11300
16554
8024
10075
19804
15284
17351
14183
8060
5860
8774
13352
14143
14860
10813
6284
17309
9936
6497
14874
9442
19383
18268
15821
4667
7719
13946
4660
3063
8393
8699
4854
2854
4669
3694
5767
8661
4388
11412
11319
4249
10164
16254
5433
19017
19430
19843
4843
13706
19961
9671
6140
12438
5383
17007
8639
5746
11147
7738
16006
15354
15115
2957
16140
18648
15958
18736
4310
18704
13879
10691
10065
16229
19170
14333
11673
12895
4227
17151
7134
16836
13056
9277
15106
16433
9919
18630
19716
3004
10196
14418
10771
9634
17723
12501
4935
17100
16032
13409
3716
16169
15737
15302
14868
14125
12061
3164
12518
14774
10586
2999
17539
17785
4112
18866
14145
8417
15424
5863
16795
12615
7247
10268
11487
16174
18182
10076
5414
14558
8126
6408
4691
12250
7194
15479
12995
17509
12373
14166
10253
18599
9997
19882
15555
3613
19377
3944
13930
16316
12017
8087
8019
7951
6947
16924
14423
8559
19065
11473
9157
16583
16277
15972
15574
15177
5939
13084
12017
10951
11592
14566
5205
18053
16240
13823
6546
5052
4333
14592
6359
11351
8961
18138
15924
5731
19507
14796
4851
8558
10959
18813
8315
12152
2932
17513
9322
9553
6643
4128
5860
14060
11909
9171
9783
12747
12332
5098
7325
15337
3174
16585
17092
4949
14528
3357
19952
5517
5950
4837
19922
11822
3788
15559
13631
4050
10655
7462
10599
12676
3285
10053
8565
18736
18671
9433
12818
16203
6205
12260
17134
5180
10763
19253
3434
13267
6050
18531
9590
15937
15653
4791
9896
11583
7117
16944
16721
10078
7419
4761
6098
3307
7647
16356
14779
13203
10195
13108
10551
18312
15829
12183
4900
15361
14619
18265
4505
11834
15518
8041
16854
14157
5713
8118
6654
8414
14408
19312
3426
2985
8824
12167
11167
19050
4034
18089
18223
8022
4698
18700
13464
18609
5814
4924
7823
14229
5538
7388
3487
12274
19596
7459
19868
15536
18027
13148
10892
11904
9544
18256
10140
3840
7107
8781
17950
11275
16922
18582
8784
13794
3164
5230
7296
14590
7347
16905
3046
5465
5781
8308
17345
5420
8170
15390
6616
16713
8571
9982
11394
19053
4652
7761
10871
9603
3673
8577
13481
14301
10294
6288
2913
15986
10007
6319
11032
10517
10003
9792
9582
11860
14139
18519
11500
9415
6025
11615
12498
6535
9228
11922
3572
7028
7380
7732
15648
18878
15431
12162
8893
7084
9249
11498
13802
10632
13817
17002
6834
9120
9721
17051
17680
14151
10608
8613
8523
7754
11353
19034
15984
8527
8891
8441
10645
4475
7008
9542
12813
5988
18299
8297
19384
11773
5798
5370
4943
7364
2820
16287
16828
11283
10107
5440
4909
4379
13224
5857
12816
10231
7647
11704
15761
6347
12661
14991
14663
5880
6875
10408
11478
5130
13355
3073
7524
8814
13903
6823
6978
16658
17320
6966
7847
10362
17445
4585
6436
5873
13901
12139
14799
6111
15167
4534
5542
18607
7470
7948
7306
17213
3196
19150
3087
6727
6163
17067
11260
5453
5640
14238
6646
9331
4110
14189
15445
5688
19386
6876
7209
19422
12695
16234
4454
4369
12304
19315
14075
8836
4910
9114
5629
7347
14748
9085
3422
6627
9832
8865
9021
13010
6154
19148
7416
11787
11250
8583
5183
9655
14048
18790
19569
8676
4713
16490
13949
14772
13524
9438
16776
10562
5467
6012
13841
4074
4501
18932
8337
15988
8269
16824
8529
7246
5964
11821
17016
2935
9243
18338
19376
18709
13354
15710
15607
17376
4849
16818
15719
14621
14067
14842
17500
6586
12723
11909
12583
13257
18838
5922
3365
10127
14513
15502
13585
14861
8634
17840
3470
7384
12203
10611
19215
6699
8567
14910
4419
7640
11613
6014
13001
19989
13918
19549
4690
6370
8050
12933
6394
19692
6291
14636
8823
10952
13081
3317
18143
15276
16134
14280
4486
8044
16497
18512
3658
17698
7579
3749
10046
8934
8807
14909
8816
16053
7386
17722
17294
9357
6762
12432
15563
5640
9164
15201
9502
13311
6488
6633
19146
16645
18226
17544
18918
15887
17916
6877
5327
12068
8158
3611
15262
8238
4657
16143
3748
8062
6495
4473
10225
4461
3713
5145
10601
9614
17540
10304
12446
8066
15083
9583
4083
8438
6302
3916
6466
14001
9040
17067
11912
6758
16334
19312
4149
9143
5099
9715
19121
15258
14253
5102
13396
10760
19505
8725
18996
14580
9048
10711
12864
4523
14192
12276
10695
17219
13825
11064
19007
17869
17969
10752
3535
4429
9271
10941
11655
8241
18783
7093
5564
11320
19754
16869
14144
19775
15464
13420
2835
12052
14511
16407
18303
15511
12720
16382
19479
17864
11507
16370
14176
5854
15405
11368
7332
13388
19444
9920
5881
13277
13475
4817
6574
3285
6248
11019
14054
6080
9450
6592
14737
3961
16858
15069
11320
10214
6574
10545
13856
15393
19338
14314
9291
8841
8119
4523
15087
8270
11804
15926
13322
16492
3182
10180
3530
9249
5650
10839
12801
12237
10596
5876
9101
15816
9595
9073
7196
13639
16244
5702
9267
12606
10998
3509
11010
13289
11825
8753
12845
12528
11855
11182
11734
17972
9127
8049
9486
4473
9141
4303
9065
9713
16622
14019
10782
6973
6924
6583
15408
11633
18168
3448
13401
14258
8131
19165
9318
11555
5491
4337
10616
16915
19809
3567
4777
8145
17407
18896
5797
8808
11820
5459
15217
19520
13058
16343
17983
18716
5527
12342
11849
7121
10884
5014
12391
8491
8539
15081
15583
7081
8434
11567
4048
7088
10128
8585
4978
3832
6046
4245
3627
14763
14568
10331
18515
10853
5387
17046
6682
7017
10040
13132
5986
11900
11385
10870
11216
11562
8233
8721
17676
5428
10765
7551
9386
3986
9659
16876
6822
9225
16972
12128
7331
6523
15096
10369
14299
14339
14379
6361
6609
16410
15536
9024
6083
13037
11221
9406
9475
13498
17521
15333
17567
16102
5331
10738
8649
18847
13220
10635
17870
10125
17528
14406
3542
18035
12085
6324
15636
5160
4163
12620
4081
6561
17819
11584
17490
15156
12822
17562
11157
16138
13292
10400
6792
2985
7739
12493
6736
4722
7601
7297
5472
10820
8058
13390
18722
10168
13202
18324
16684
10045
19946
14900
18398
12794
18152
17405
9577
11888
14199
16283
18367
9487
11500
11557
18679
9661
17942
7445
5124
6751
8378
10477
13609
7509
3273
16866
7542
4714
5206
8200
11898
7752
5718
9984
7245
4426
8242
12059
13332
14606
19215
9784
14538
13585
19841
19115
17915
2840
3702
9642
11050
6659
3480
15417
8768
6888
17647
10480
9028
7577
12740
15287
11467
7647
8252
12302
17873
15646
11549
7549
13065
8738
12791
13564
10423
9745
9975
4610
10369
10945
3839
17252
17110
6174
6913
7876
14655
13273
3297
11802
16409
10001
5483
12184
3588
13509
11848
9833
6060
6699
14941
11604
11912
8197
5309
19615
13183
11032
5569
17412
3208
2874
17397
17345
13829
7573
11989
19635
13006
6377
16773
19147
10751
13522
16293
9818
10763
17971
3193
12939
15123
9777
4431
6154
16680
8348
12980
9754
19945
13263
12746
13033
13321
8082
14558
13312
12066
15760
15615
14162
14331
12067
19021
9061
14140
15631
15755
17488
6393
9194
6364
8285
12516
4010
13512
15901
13648
15148
3522
15098
3041
8434
12918
16553
16620
14697
19873
13318
12662
8328
14034
10246
11118
5557
6157
13390
16682
16617
3464
6289
8318
19594
19089
18619
4370
4659
6771
13335
18382
8839
11744
9358
14694
11179
9531
14691
14818
6650
18562
13149
9185
13179
3674
3967
9084
6613
17281
10171
6138
4361
17624
8570
13272
13134
17733
18716
14616
12021
11760
18564
6988
7424
7860
14748
6313
2829
10108
15228
5766
5464
5163
7221
19158
8751
13201
17368
11602
5837
17291
11272
15697
7967
4833
11667
15548
14359
14867
8503
19351
7584
6791
5999
16070
15649
12641
5583
10932
16281
10505
17760
4484
5124
8126
11859
9772
17810
8971
13207
17158
19310
9191
10748
11743
11838
6059
8579
16189
18850
18825
14173
17191
19614
7536
12784
14987
17190
16556
15923
9025
4186
19054
3381
15743
14952
10787
12620
8988
15202
15411
3153
9921
17714
19441
18521
8651
15406
13792
19650
19962
18632
12294
15864
15333
14803
19410
9631
12167
3691
8985
3084
12135
19904
18839
5269
5927
5010
6706
16595
19853
18592
16220
17411
7447
9859
19788
17073
9004
13067
15609
17829
17471
17209
4940
6185
3804
8246
6931
2903
18754
3178
2909
10863
3768
13585
13444
17373
12640
10629
15697
18513
15661
8431
14090
7716
19359
4000
19183
11201
3219
19601
2995
5347
19895
16168
12442
9016
5590
17189
13518
6831
7545
11757
12477
15495
19930
9202
8492
8350
16913
14215
16204
18194
11355
7923
9429
10935
4776
10154
9469
5849
6949
10720
16561
18418
16976
5519
13703
14105
12262
9646
8146
10705
7221
14501
16834
19168
9946
12475
18982
12832
18607
12833
18164
12225
15863
19502
6142
18008
12709
6133
6917
19925
17648
15461
7118
10659
6851
15507
11899
19866
12256
11728
4406
10761
17117
12684
4101
9944
12270
16005
19741
14378
14911
15444
16333
14079
6606
10959
10280
9602
10808
10468
10128
9754
7751
11457
19818
15448
3276
16635
19655
18527
18518
5806
11139
16377
10092
8787
8691
5567
6691
12882
19535
18014
4960
9165
16029
9148
18830
4703
19468
4021
19339
16068
4050
6393
4568
18247
19470
14822
18833
11736
16907
14418
16425
4188
15785
12600
10121
17459
17864
11388
14230
8341
4198
3162
8817
16475
5915
9218
8369
11405
11760
2905
8747
6139
18570
11639
13375
12659
8994
5443
8753
7876
12967
15505
6494
8387
8438
17916
14088
5477
11660
9966
8272
9090
6797
19982
8764
17556
10508
18177
9400
16137
6340
5218
19966
8807
7191
8007
10971
4921
3744
2966
8550
8267
12320
4981
3004
18220
11663
6794
7757
7666
17334
5137
8167
13701
17566
10547
14393
5993
4571
3149
12184
19875
12590
15949
2825
7499
17412
10748
5568
4818
9248
4581
9404
17690
13758
14078
6203
10487
12200
12724
15142
5831
17371
9224
5858
18822
10494
5916
10649
15743
13537
14276
4285
18057
10978
5457
8268
10888
13508
8751
3995
9149
14303
12991
13517
17183
3013
8253
13494
17524
5758
6338
6918
7790
5734
3679
18689
12151
6109
5162
16240
15770
19206
12274
10733
17128
19702
18535
10356
11143
11931
14513
13706
12091
9381
7607
9232
6687
16685
17111
12843
5032
15026
10095
10233
4749
3311
6335
4961
7519
13335
2946
7143
13416
7408
18351
6728
13083
6398
10887
16588
16320
6270
16677
3620
5240
10906
16573
14570
12567
12649
17179
17814
18341
14180
14848
8158
17127
5161
10286
7109
3166
3042
8751
18212
13942
8729
13642
14541
18277
9407
13056
11213
4274
4019
8501
7067
9421
4684
9057
3589
8629
4630
11423
10765
8761
4652
13958
3552
15287
11918
18296
4908
15818
9472
11613
13754
12833
8951
18303
15914
10736
10360
9984
18531
9639
9108
19492
15790
7978
5282
9575
13868
5470
4748
17663
7360
6213
14550
11528
13300
13107
3084
9214
19207
11188
16674
11876
7373
19182
17898
13949
6870
13673
11208
14031
9849
3040
8830
5991
13609
16576
13400
10224
13597
13245
13367
13489
8275
15100
14453
19431
12323
14081
18126
12938
12908
16179
14172
19884
17576
16503
15430
6611
9678
14097
5980
7019
5750
15144
11356
3370
14902
4604
3364
11352
18033
10128
11114
2813
2922
16284
8196
3980
17623
8476
18664
4388
15099
10721
12585
12154
14790
12595
3954
3800
2831
18186
10790
16896
15816
13712
15290
15659
10347
11243
15841
12726
14181
13390
12089
11180
9331
16615
16202
10860
18850
12876
5312
13198
13519
10578
19728
14469
8350
14334
12258
8216
10788
11247
8285
15185
19701
8121
19231
3427
14007
11434
5435
17846
6565
9699
19629
6482
17587
3386
7713
13552
17518
16146
9632
5468
12214
17010
16326
10668
14493
18319
13134
7550
8491
3505
5426
16264
13842
17074
8100
19535
16689
16594
10204
11624
8540
9070
9600
7611
5622
16752
18324
19897
12664
9717
10998
6165
15667
11581
16020
6939
3248
4614
16065
14509
6793
18897
19541
4427
11902
6429
16068
3344
3913
7415
18173
9481
5005
14643
19573
3397
14389
17131
4177
6198
16931
14802
14952
9030
9745
13415
6857
8443
14443
3734
14778
10595
4435
12930
5261
7914
15187
13415
11643
7197
18388
9178
9323
6823
18543
3574
8776
13979
19423
13174
6925
4592
5974
17478
6853
4427
5627
6121
3712
12460
15600
18695
14353
12367
17086
15393
13701
8054
6650
10751
10636
8318
16242
9830
16498
10862
4229
18697
2881
7229
5073
7412
9751
8088
4587
6198
17682
6650
14901
5189
11172
8192
15047
10301
15739
17119
7152
19035
7697
17123
13722
9458
12079
10292
15674
9655
11237
17348
4359
4234
18117
7766
6207
4588
19699
5144
9776
17612
7405
11454
15504
16146
6652
12009
10149
5466
10181
14231
16207
18183
4070
16481
11590
6700
19522
3047
3330
17438
15303
12112
12406
19502
9570
13582
4113
13926
3018
11609
17619
13952
10285
16729
8978
14317
2867
8032
6276
15563
15159
16039
5734
13964
4618
4698
6693
9459
6153
9905
10450
4254
17878
19032
12060
5088
2899
7368
8792
9585
14727
11191
9042
11351
14055
17672
5971
13352
8860
12437
3647
11275
15578
3015
4986
6957
9145
15131
15217
4850
5453
2845
17116
14698
12280
7982
14059
7064
15043
16835
10261
11352
12444
13965
5125
18042
17378
5568
19353
16443
15105
4973
15886
15703
11809
14408
5124
17156
13943
11725
15277
13552
5706
3671
10041
2869
14012
15071
6943
4277
9631
16760
13713
5785
11405
17025
9135
13893
13474
18565
9701
16605
11435
15873
10909
5082
15374
3479
4142
19373
19480
15316
9772
5404
4714
4849
4985
9441
13897
13892
3909
3346
11992
17184
11189
8191
17748
10654
4705
12187
15382
4613
9589
14565
5402
19116
5487
15987
18926
18422
5787
16721
5072
19853
10130
3260
7611
14450
12827
6501
2890
17523
8667
13712
11425
2864
6098
11297
17875
10528
4546
3864
3182
10371
16158
15107
4794
10756
11346
12879
14412
5123
11236
8523
2910
6784
10658
3908
6178
8448
19021
13329
12933
13720
4430
11168
9271
4917
17500
7166
8759
10775
12791
18427
8102
14719
7400
19852
7598
11559
13929
14893
8594
13949
3787
12361
14539
12581
9596
15180
4008
15577
5143
16027
11688
7349
19167
18191
10404
3358
5869
13921
18305
18600
13172
7676
11949
4783
15295
6434
17593
7144
15974
12083
7486
3225
19555
11271
13897
15001
6303
16672
14635
11643
11243
7015
8268
12107
7750
6696
12985
11364
15622
12025
16491
8356
8110
15375
17020
3666
6065
8464
8405
10882
12765
15720
4588
15024
6370
17514
7931
19423
14570
9026
6265
15674
12794
6800
9664
11169
11631
19064
4253
10028
3319
19830
18818
13721
19092
9213
3410
19968
8264
17031
16528
11827
12655
13484
10184
19331
10296
5784
4908
10645
6699
6756
8092
16888
15524
11903
15172
3126
14022
16369
12722
7540
15619
15836
15105
18865
5269
4628
13624
5093
14096
5173
16380
9062
17800
15381
12962
14478
14689
18493
13797
18874
11877
9997
13193
6851
7947
19949
9809
16140
12235
6421
5924
5427
16490
12108
16552
13348
4163
11194
17302
7779
13446
15940
11603
11992
17506
18402
3265
14143
16973
6858
6273
5688
8221
3022
11106
11814
12523
14333
18518
16409
19387
3166
19051
15948
11063
18349
7093
6801
15569
14873
6614
15876
14155
16816
19477
9150
5219
9723
14228
12843
11458
13414
12894
4289
19226
16862
14499
19987
13667
12274
14101
4801
5746
6485
10667
5458
13924
11605
10821
5564
9416
3818
17959
8381
15839
5683
16289
18518
15780
13023
7870
17796
9134
8258
16044
15163
8905
6605
6586
8512
4406
18508
12033
19855
10089
10557
11973
6340
5451
16589
10954
8465
12261
13632
5649
10451
8135
10841
7484
15021
18153
15842
13531
5350
9488
3682
12597
7870
7666
6663
4410
10985
10755
8437
2843
5154
4883
14829
3201
4399
17598
10604
16389
15670
16828
9321
8566
12756
16946
18739
16227
12596
10284
10207
8589
6971
9015
11059
13260
17516
10892
8129
7373
6618
19858
10135
16859
9684
15199
18901
18231
12582
9434
6287
19116
8703
10783
16754
4115
7701
11287
6169
6031
16911
12988
9291
7007
4723
11401
18080
10988
15938
18313
3538
4533
16511
7055
16744
12261
7778
17989
9790
18556
10746
7696
8138
17168
10401
13538
5090
5509
16361
4159
13547
14270
15293
18934
4325
8125
10596
5235
10696
10793
3724
4757
15918
18182
15102
18065
11630
11166
14345
14972
11015
17105
12576
6957
10017
3182
15297
8533
8526
18536
19276
10819
15153
5978
18544
7597
11894
16191
4862
5670
6039
6409
8941
14546
18079
6360
18995
6128
8861
9963
11066
15823
8745
9072
19186
18315
13545
5677
4993
11969
19185
9830
17869
7764
4323
13089
16574
11789
7004
7855
4034
19708
6202
5919
17772
5720
10222
11382
16489
7043
11874
16985
5461
17646
19303
6932
17772
11645
9617
16649
2932
19740
5730
18775
16532
3173
4942
17431
16390
10483
18824
9638
10733
2966
12032
5658
6160
14418
11695
13181
15661
16340
14167
10589
7012
5718
10634
16758
14045
4845
9044
13244
2948
3468
7839
4437
15666
13601
11537
19301
16723
10495
17166
11504
3364
11531
18940
19249
6763
17990
10609
4814
4500
16215
8900
9243
18100
19245
4391
18457
12900
15968
8807
13278
3674
15712
8292
5898
17103
19114
13401
15576
11094
7455
12158
16861
16170
15480
11656
7000
5523
14151
19829
16829
19359
15118
3707
16415
10179
4196
18293
4747
9501
5394
3204
10353
18285
15291
17864
17571
13167
4291
7258
6473
5689
7316
13023
12908
16384
18410
7909
3106
16837
3453
3631
14331
15512
17096
5349
15696
13627
7879
14066
12771
16306
4473
19711
15726
7318
18662
19738
2852
5537
11005
14927
9797
11357
10668
13367
6280
7695
3959
12938
7240
9922
9622
9323
4440
11075
18939
10626
16566
12353
10533
18144
17722
15542
14664
7938
11209
10954
11552
4633
4119
6418
3862
9229
11243
6434
9125
11817
5154
7794
8733
19800
6654
9883
12649
5981
7170
15922
16929
19293
13710
3013
13424
8667
13956
12769
14126
15483
15759
19667
8931
13582
6199
6678
13423
19544
10044
9517
9594
11645
6642
14152
4609
17759
18892
6841
3251
4608
11329
19419
6817
6638
9313
12520
15727
9973
4219
4374
13568
17348
13227
9106
17243
4075
9400
6477
7937
11734
3517
17524
9776
5985
12627
13145
15535
11988
16197
17316
7273
3301
11926
11884
4541
6159
18171
7223
17490
19928
8243
16655
6194
13891
7278
18058
12376
7597
13720
12557
13612
14955
17218
11570
17317
15335
8370
11583
9621
12009
2896
3901
14784
16628
13597
8204
5673
11616
17559
7521
12822
6842
15550
7984
17888
9352
5697
8058
14732
11412
15587
12077
5694
9882
10805
17873
11131
4389
6960
9560
12161
4502
15439
9692
11435
11094
15706
14297
9542
11967
14392
3707
8385
6107
12854
17010
14235
16888
15444
11546
12353
5449
10269
6728
11143
2811
15264
19250
4470
7502
10753
4035
13805
15078
11931
7199
15320
7661
4518
5740
4657
18997
11040
11993
3807
11600
11371
7431
17223
19070
14975
9412
12617
5596
17023
6587
4422
10634
16775
9025
6964
7714
8845
13979
4221
6642
9417
3546
8974
12307
16042
13171
8281
8958
8931
8905
12461
17480
12480
19219
14538
8302
12971
11314
3689
17563
16841
7952
16890
6392
17337
5771
3770
7529
11289
19332
13938
8544
18973
18748
18411
18190
4214
14733
12166
5978
7894
3223
7368
2891
15449
10463
19678
6094
4015
5616
16539
16346
5685
8973
8576
4815
5799
19180
17391
7408
17919
18988
15773
16567
15729
5478
12253
8297
14637
5962
15314
19240
4707
5665
19140
10698
4402
12289
9859
8344
12726
3842
17419
17681
17944
5037
4683
4329
6210
4365
11226
7860
12724
11719
17267
12348
4333
17371
16882
3469
6462
4684
2906
3283
15858
6068
9659
16423
7370
9921
11459
4106
5702
5664
18653
8672
3364
15143
7178
8639
4419
4175
13149
15832
11310
6788
10719
4730
4325
19245
12286
8665
6592
8611
4629
16714
14981
6386
6544
15471
13831
16709
10962
5215
13663
4464
10990
18064
17037
18611
16073
9709
17286
7923
3027
8891
3602
5575
6975
8375
13559
18744
12872
18281
5433
16446
8111
13056
10885
9293
9630
14766
12229
6973
8238
3208
19198
18154
5576
17058
19230
12784
11075
19796
7865
15061
15584
3482
7441
15138
3335
5267
2824
11581
7343
8120
13222
5046
17517
10392
4273
5724
5982
7209
9710
13131
4821
6345
16996
17971
12400
3655
7280
12282
7347
14514
8605
10889
13174
8648
8253
15294
5781
4612
18504
17339
16708
3759
9168
6990
16397
14176
14230
19127
4894
19694
18262
13012
4583
7246
6109
14632
3882
10401
13029
16797
13623
15792
16097
10985
15419
17364
12998
9907
18900
15205
19260
13306
3301
14129
17551
8423
11096
19049
10673
8926
7179
10810
14441
16448
18455
10945
12205
17914
5989
9578
8404
14648
17118
13091
18319
16898
10828
16558
18729
14880
3538
6372
16115
4340
5172
6888
7764
5148
11396
10016
15969
12825
8601
7939
9492
13347
16790
17785
12981
8178
7925
13621
4433
13987
7037
12413
7368
7958
5084
13937
4208
6657
17564
10101
17538
9940
14296
16780
14648
18218
5858
7653
8194
16522
15352
11697
12486
18812
15657
18659
11552
6951
12999
9527
9847
3812
7623
7350
17969
4598
19344
17824
16298
16967
17571
11263
12263
13263
12539
11815
9079
6174
18163
17433
16703
17108
17513
12290
5370
19984
10367
19772
14199
6915
9755
5214
16984
16282
18056
17564
11351
12531
18707
9266
10785
11314
7161
2905
5677
8449
13615
5076
15922
5615
15099
13477
8155
6107
11209
18351
16055
9776
6373
9344
6833
3283
8876
6299
7598
9155
13180
14474
9838
7868
11524
18148
18816
4963
14431
4718
10041
12227
13302
3343
10129
17719
14158
5734
18262
5484
11594
11671
5508
9722
2870
7424
6752
16873
6249
16994
8624
16817
11659
7257
2843
10450
9584
8718
11897
19863
7439
9048
16781
11264
4229
19176
16079
7581
6381
13999
8999
11104
18989
8821
9708
14844
13497
4448
16848
6327
7552
4700
14800
15450
15707
5475
18174
2947
4560
3005
6830
8655
18097
10393
5694
5709
17394
10204
11850
4200
7412
18304
10740
14219
13899
17140
6017
15137
19118
13724
8419
16606
5636
7534
16240
4093
17191
4279
14507
4917
9207
14604
10289
8376
6464
5081
11086
3276
10842
15102
12305
5101
7532
9963
4907
10155
15404
16423
17442
9993
10438
12813
6529
17318
19024
9723
16925
17063
14268
11473
17192
18054
12147
3370
18031
19788
3569
3857
13968
14269
11751
10956
11484
11383
12018
6704
12288
6765
14063
3463
14247
9372
14597
14227
8047
7648
14460
10542
15949
16433
15795
7376
5503
4924
6202
5207
18323
4664
15261
14668
9645
4623
4257
14635
7646
11718
11712
19181
19002
7199
10379
15757
3556
